date	time	relative time [s]	Cm [mg/m^3]	Cn [P/cm^3]	M1,0 [µm]	M1,0 [µm]	
07/12/2021	08:53:03	0,00	0,006068	100,477013	0,297158	0,297158	
07/12/2021	08:53:13	9,94	0,014342	87,791519	0,334537	0,334537	
07/12/2021	08:53:23	19,87	0,018057	86,701172	0,347369	0,347369	
07/12/2021	08:53:33	30,02	0,011534	94,408958	0,305804	0,305804	
07/12/2021	08:53:44	40,17	0,012735	194,990509	0,282740	0,282740	
07/12/2021	08:53:54	50,25	0,010748	366,369293	0,271827	0,271827	
07/12/2021	08:54:03	59,97	0,011452	190,378845	0,275540	0,275540	
07/12/2021	08:54:13	69,92	0,007221	107,264763	0,300153	0,300153	
07/12/2021	08:54:23	80,11	0,014125	74,670677	0,324940	0,324940	
07/12/2021	08:54:33	90,05	0,028933	67,240067	0,358265	0,358265	
07/12/2021	08:54:43	99,95	0,015559	66,971596	0,347870	0,347870	
07/12/2021	08:54:54	110,14	0,009903	83,811378	0,327590	0,327590	
07/12/2021	08:55:03	120,08	0,008106	82,454071	0,326869	0,326869	
07/12/2021	08:55:13	130,02	0,013246	71,770203	0,340153	0,340153	
07/12/2021	08:55:23	140,11	0,141723	65,692780	0,394319	0,394319	
07/12/2021	08:55:33	150,03	0,007051	70,507095	0,325941	0,325941	
07/12/2021	08:55:43	160,03	0,009859	74,577690	0,333891	0,333891	
07/12/2021	08:55:53	170,03	0,037923	70,134407	0,364575	0,364575	
07/12/2021	08:56:03	180,11	0,012882	64,526955	0,352035	0,352035	
07/12/2021	08:56:13	190,09	0,011973	67,514481	0,347561	0,347561	
07/12/2021	08:56:23	199,98	0,018427	78,468491	0,336919	0,336919	
07/12/2021	08:56:34	210,16	0,014783	77,290810	0,340777	0,340777	
07/12/2021	08:56:43	220,09	0,017075	76,568359	0,335546	0,335546	
07/12/2021	08:56:53	230,05	0,012872	81,544075	0,342091	0,342091	
07/12/2021	08:57:04	240,19	0,020665	95,397217	0,325609	0,325609	
07/12/2021	08:57:14	250,14	0,023079	90,592712	0,347140	0,347140	
07/12/2021	08:57:23	260,03	0,017813	97,211555	0,314576	0,314576	
07/12/2021	08:57:34	270,14	0,027642	103,003601	0,316941	0,316941	
07/12/2021	08:57:43	280,05	0,011941	157,696396	0,279230	0,279230	
07/12/2021	08:57:54	290,17	0,017460	79,008453	0,347045	0,347045	
07/12/2021	08:58:03	300,12	0,070010	78,098694	0,362178	0,362178	
07/12/2021	08:58:14	310,22	0,016429	74,842712	0,356441	0,356441	
07/12/2021	08:58:24	320,16	0,014364	72,675842	0,338072	0,338072	
07/12/2021	08:58:33	330,08	0,007616	79,829796	0,325026	0,325026	
07/12/2021	08:58:44	340,17	0,018824	82,266121	0,347939	0,347939	
07/12/2021	08:58:54	350,28	0,013130	73,306229	0,349125	0,349125	
07/12/2021	08:59:04	360,17	0,021707	77,018517	0,343748	0,343748	
07/12/2021	08:59:13	370,11	0,016868	75,837112	0,359659	0,359659	
07/12/2021	08:59:24	380,17	0,014218	77,744255	0,337341	0,337341	
07/12/2021	08:59:34	390,14	0,018112	87,786629	0,348726	0,348726	
07/12/2021	08:59:44	400,28	0,020936	84,432327	0,366165	0,366165	
07/12/2021	08:59:54	410,25	0,016767	72,580566	0,354657	0,354657	
07/12/2021	09:00:04	420,20	0,017320	75,566643	0,356226	0,356226	
07/12/2021	09:00:14	430,14	0,047033	76,193504	0,378979	0,378979	
07/12/2021	09:00:24	440,31	0,020000	73,576820	0,352453	0,352453	
07/12/2021	09:00:34	450,25	0,069286	80,900246	0,374856	0,374856	
07/12/2021	09:00:44	460,16	0,022448	86,427612	0,352977	0,352977	
07/12/2021	09:00:54	470,16	0,015875	86,162201	0,334843	0,334843	
07/12/2021	09:01:04	480,28	0,016312	83,531647	0,352898	0,352898	
07/12/2021	09:01:14	490,25	0,203259	83,441948	0,350292	0,350292	
07/12/2021	09:01:24	500,36	0,011511	76,837875	0,342440	0,342440	
07/12/2021	09:01:34	510,34	0,034551	80,995598	0,359520	0,359520	
07/12/2021	09:01:44	520,27	0,014262	76,115784	0,335504	0,335504	
07/12/2021	09:01:54	530,39	0,225270	77,370102	0,377889	0,377889	
07/12/2021	09:02:04	540,36	0,008728	74,487007	0,333916	0,333916	
07/12/2021	09:02:14	550,28	0,011432	100,834183	0,309328	0,309328	
07/12/2021	09:02:24	560,30	0,019493	328,726379	0,258384	0,258384	
07/12/2021	09:02:34	570,25	0,008241	72,950935	0,325496	0,325496	
07/12/2021	09:02:43	579,78	0,102309	167,013458	0,290078	0,290078	
07/12/2021	09:02:54	590,33	0,022373	311,796906	0,258131	0,258131	
07/12/2021	09:03:04	600,39	0,015158	90,874039	0,319463	0,319463	
07/12/2021	09:03:14	610,33	0,013982	76,654999	0,348388	0,348388	
07/12/2021	09:03:24	620,45	0,020893	74,028694	0,354428	0,354428	
07/12/2021	09:03:34	630,48	0,020639	214,001724	0,281342	0,281342	
07/12/2021	09:03:44	640,45	0,629641	133,145920	0,316326	0,316326	
07/12/2021	09:03:54	650,36	0,017265	74,120522	0,349968	0,349968	
07/12/2021	09:04:04	660,30	0,019451	77,561935	0,342017	0,342017	
07/12/2021	09:04:14	670,41	0,012869	78,828026	0,345616	0,345616	
07/12/2021	09:04:24	680,53	0,018592	288,069153	0,265470	0,265470	
07/12/2021	09:04:34	690,23	0,020805	534,716125	0,245685	0,245685	
07/12/2021	09:04:44	700,89	0,021278	743,513611	0,239613	0,239613	
07/12/2021	09:04:54	710,31	0,114407	204,051834	0,271269	0,271269	
07/12/2021	09:05:04	720,42	0,010393	100,653526	0,308302	0,308302	
07/12/2021	09:05:14	730,33	0,021710	89,145012	0,345898	0,345898	
07/12/2021	09:05:24	740,84	0,023571	549,448364	0,257537	0,257537	
07/12/2021	09:05:34	750,52	0,023131	271,585327	0,272403	0,272403	
07/12/2021	09:05:44	760,73	0,059139	139,576401	0,306703	0,306703	
07/12/2021	09:05:54	770,50	0,021309	116,578011	0,322425	0,322425	
07/12/2021	09:06:04	780,45	0,014209	104,903358	0,319025	0,319025	
07/12/2021	09:06:14	790,34	0,017779	83,087883	0,325812	0,325812	
07/12/2021	09:06:24	800,44	0,014732	88,603134	0,342807	0,342807	
07/12/2021	09:06:34	810,42	0,013890	84,985428	0,335075	0,335075	
07/12/2021	09:06:44	820,55	0,016890	93,582932	0,337687	0,337687	
07/12/2021	09:06:54	830,50	0,011319	93,772797	0,312868	0,312868	
07/12/2021	09:07:04	840,41	0,009191	81,729721	0,327363	0,327363	
07/12/2021	09:07:14	850,44	0,040907	84,528053	0,350371	0,350371	
07/12/2021	09:07:24	860,58	0,016384	84,260445	0,338049	0,338049	
07/12/2021	09:07:34	870,52	0,012531	78,560722	0,331590	0,331590	
07/12/2021	09:07:44	880,44	0,014492	80,999466	0,347297	0,347297	
07/12/2021	09:07:54	890,53	0,014167	81,183716	0,336759	0,336759	
07/12/2021	09:08:04	900,59	0,019103	81,454063	0,340671	0,340671	
07/12/2021	09:08:14	910,50	0,032413	82,901115	0,343885	0,343885	
07/12/2021	09:08:24	920,64	0,029990	81,819489	0,329919	0,329919	
07/12/2021	09:08:34	930,56	0,005966	71,685440	0,319289	0,319289	
07/12/2021	09:08:43	939,67	0,009899	82,994896	0,333228	0,333228	
07/12/2021	09:08:54	950,62	0,013063	82,085670	0,347078	0,347078	
07/12/2021	09:09:03	959,69	0,024391	85,614868	0,347970	0,347970	
07/12/2021	09:09:14	970,67	0,115960	81,902115	0,354692	0,354692	
07/12/2021	09:09:41	997,67	0,019361	85,891632	0,332228	0,332228	
07/12/2021	09:09:42	998,75	0,015705	85,532059	0,324914	0,324914	
07/12/2021	09:09:44	1000,64	0,016171	88,972748	0,320968	0,320968	
07/12/2021	09:09:54	1010,62	0,033892	91,862221	0,340309	0,340309	
07/12/2021	09:10:03	1019,67	0,027755	88,696205	0,335335	0,335335	
07/12/2021	09:10:13	1029,78	0,019339	89,600845	0,336719	0,336719	
07/12/2021	09:10:23	1039,73	0,020479	88,424278	0,336116	0,336116	
07/12/2021	09:10:33	1049,66	0,050176	89,146370	0,342322	0,342322	
07/12/2021	09:10:44	1060,69	0,030570	90,869270	0,332884	0,332884	
07/12/2021	09:10:54	1070,66	0,017485	89,061554	0,326071	0,326071	
07/12/2021	09:11:03	1079,70	0,013911	89,787613	0,320147	0,320147	
07/12/2021	09:11:13	1089,69	0,020852	96,754768	0,325939	0,325939	
07/12/2021	09:11:24	1100,70	0,033220	94,940338	0,337436	0,337436	
07/12/2021	09:11:33	1109,80	0,027006	92,675545	0,343095	0,343095	
07/12/2021	09:11:43	1119,66	0,014164	98,386436	0,319688	0,319688	
07/12/2021	09:11:53	1129,81	0,034295	92,943779	0,352841	0,352841	
07/12/2021	09:12:03	1139,72	0,050607	99,830925	0,329158	0,329158	
07/12/2021	09:12:13	1149,83	0,021390	96,391823	0,328771	0,328771	
07/12/2021	09:12:23	1159,80	0,069795	95,758598	0,327625	0,327625	
07/12/2021	09:12:33	1169,72	0,021240	85,979324	0,340417	0,340417	
07/12/2021	09:12:43	1179,84	0,035076	94,309906	0,329424	0,329424	
07/12/2021	09:12:53	1189,91	0,019905	88,156807	0,325168	0,325168	
07/12/2021	09:13:03	1199,69	0,030836	85,620712	0,329948	0,329948	
07/12/2021	09:13:13	1209,78	0,025944	88,056297	0,353890	0,353890	
07/12/2021	09:13:23	1219,70	0,018793	85,802505	0,328063	0,328063	
07/12/2021	09:13:34	1230,17	0,039587	91,236015	0,319411	0,319411	
07/12/2021	09:13:43	1239,87	0,011853	96,486320	0,317481	0,317481	
07/12/2021	09:13:53	1249,87	0,020284	103,004044	0,315752	0,315752	
07/12/2021	09:14:03	1259,80	0,013925	102,640984	0,318319	0,318319	
07/12/2021	09:14:13	1269,72	0,020658	107,077995	0,313459	0,313459	
07/12/2021	09:14:23	1279,91	0,031577	106,983116	0,324283	0,324283	
07/12/2021	09:14:33	1289,84	0,039201	106,533958	0,316190	0,316190	
07/12/2021	09:14:43	1299,83	0,040986	110,152870	0,319619	0,319619	
07/12/2021	09:14:53	1309,78	0,018549	107,346611	0,320418	0,320418	
07/12/2021	09:15:03	1319,94	0,016799	109,427902	0,321789	0,321789	
07/12/2021	09:15:13	1329,91	0,030530	105,265953	0,317950	0,317950	
07/12/2021	09:15:23	1340,02	0,022960	106,081596	0,315544	0,315544	
07/12/2021	09:15:33	1349,95	0,021496	109,434906	0,305103	0,305103	
07/12/2021	09:15:43	1359,91	0,022149	109,245895	0,323902	0,323902	
07/12/2021	09:15:53	1369,81	0,025386	107,073845	0,323799	0,323799	
07/12/2021	09:16:03	1379,95	0,017256	109,973045	0,316976	0,316976	
07/12/2021	09:16:13	1389,83	0,014261	106,268318	0,301538	0,301538	
07/12/2021	09:16:23	1399,98	0,048313	111,508240	0,325116	0,325116	
07/12/2021	09:16:33	1409,91	0,022065	111,606369	0,307611	0,307611	
07/12/2021	09:16:43	1420,03	0,039662	118,576500	0,306767	0,306767	
07/12/2021	09:16:53	1430,02	0,017637	110,336533	0,313520	0,313520	
07/12/2021	09:17:03	1439,95	0,009523	107,533836	0,305479	0,305479	
07/12/2021	09:17:13	1449,89	1,245178	103,993309	0,338368	0,338368	
07/12/2021	09:17:23	1459,91	0,015469	111,244217	0,307782	0,307782	
07/12/2021	09:17:33	1470,03	0,033802	112,959221	0,318608	0,318608	
07/12/2021	09:17:43	1480,05	0,013954	109,157013	0,320161	0,320161	
07/12/2021	09:17:53	1489,98	0,014329	110,612373	0,303619	0,303619	
07/12/2021	09:18:03	1499,95	0,015898	108,710609	0,305791	0,305791	
07/12/2021	09:18:13	1510,08	0,025417	112,867012	0,322490	0,322490	
07/12/2021	09:18:23	1519,98	0,014716	106,896454	0,315351	0,315351	
07/12/2021	09:18:33	1529,91	0,022064	106,353897	0,313625	0,313625	
07/12/2021	09:18:43	1540,03	0,018125	102,003548	0,327378	0,327378	
07/12/2021	09:18:53	1549,91	0,013780	106,170380	0,319789	0,319789	
07/12/2021	09:19:03	1560,09	0,027708	107,439247	0,315609	0,315609	
07/12/2021	09:19:13	1570,09	0,019535	103,001396	0,322184	0,322184	
07/12/2021	09:19:23	1580,03	0,025769	105,444214	0,324928	0,324928	
07/12/2021	09:19:33	1590,03	0,635167	109,785576	0,334964	0,334964	
07/12/2021	09:19:43	1599,95	0,015132	127,988937	0,309430	0,309430	
07/12/2021	09:19:53	1610,09	0,011366	111,158844	0,295999	0,295999	
07/12/2021	09:20:03	1620,02	0,014821	108,704910	0,319308	0,319308	
07/12/2021	09:20:13	1629,95	0,022504	102,546684	0,328136	0,328136	
07/12/2021	09:20:23	1640,06	0,044355	100,829826	0,320367	0,320367	
07/12/2021	09:20:33	1650,03	0,013321	98,565933	0,323843	0,323843	
07/12/2021	09:20:44	1660,14	0,078522	109,334114	0,329378	0,329378	
07/12/2021	09:20:53	1670,03	0,021464	107,526634	0,323036	0,323036	
07/12/2021	09:21:04	1680,19	0,026437	103,359329	0,332673	0,332673	
07/12/2021	09:21:13	1690,12	0,036575	105,265717	0,318705	0,318705	
07/12/2021	09:21:23	1700,05	0,020385	104,628708	0,327161	0,327161	
07/12/2021	09:21:33	1710,03	0,011423	106,356667	0,307260	0,307260	
07/12/2021	09:21:44	1720,16	0,030539	113,323090	0,314549	0,314549	
07/12/2021	09:21:54	1730,27	0,015738	119,844994	0,303888	0,303888	
07/12/2021	09:22:03	1740,12	0,008049	123,652550	0,291731	0,291731	
07/12/2021	09:22:13	1750,09	0,624780	121,830574	0,318848	0,318848	
07/12/2021	09:22:24	1760,22	0,164802	117,386086	0,336713	0,336713	
07/12/2021	09:22:34	1770,25	0,023148	114,142365	0,304054	0,304054	
07/12/2021	09:22:44	1780,14	0,011756	116,310089	0,314174	0,314174	
07/12/2021	09:22:54	1790,22	0,021095	111,333092	0,311570	0,311570	
07/12/2021	09:23:04	1800,22	0,020376	113,504166	0,314466	0,314466	
07/12/2021	09:23:14	1810,22	0,017290	108,617371	0,312290	0,312290	
07/12/2021	09:23:24	1820,16	0,029919	110,514099	0,321881	0,321881	
07/12/2021	09:23:33	1830,11	0,015449	113,233986	0,311341	0,311341	
07/12/2021	09:23:44	1840,23	0,628675	115,668747	0,334425	0,334425	
07/12/2021	09:23:54	1850,16	0,020198	105,719414	0,315599	0,315599	
07/12/2021	09:24:04	1860,30	0,025792	109,073349	0,304014	0,304014	
07/12/2021	09:24:14	1870,27	0,009569	109,887726	0,304917	0,304917	
07/12/2021	09:24:24	1880,23	0,016830	111,149704	0,317126	0,317126	
07/12/2021	09:24:34	1890,19	0,026638	107,526787	0,322802	0,322802	
07/12/2021	09:24:44	1900,28	0,018472	112,062080	0,300562	0,300562	
07/12/2021	09:24:54	1910,44	0,015889	114,047325	0,314191	0,314191	
07/12/2021	09:25:04	1920,19	0,031110	113,410156	0,321993	0,321993	
07/12/2021	09:25:14	1930,31	0,023987	112,775734	0,324175	0,324175	
07/12/2021	09:25:24	1940,31	0,044195	109,253654	0,305819	0,305819	
07/12/2021	09:25:34	1950,28	0,025798	111,147835	0,321309	0,321309	
07/12/2021	09:25:44	1960,20	0,020753	114,862885	0,312035	0,312035	
07/12/2021	09:25:54	1970,34	0,020268	116,308327	0,318251	0,318251	
07/12/2021	09:26:04	1980,27	0,024502	110,512749	0,324689	0,324689	
07/12/2021	09:26:14	1990,36	0,013088	106,352425	0,317418	0,317418	
07/12/2021	09:26:24	2000,25	0,026361	112,781731	0,310349	0,310349	
07/12/2021	09:26:34	2010,41	0,015870	108,798073	0,312795	0,312795	
07/12/2021	09:26:44	2020,41	0,015493	113,053047	0,311056	0,311056	
07/12/2021	09:26:54	2030,33	0,013207	108,437943	0,308471	0,308471	
07/12/2021	09:27:04	2040,27	0,016117	106,894875	0,318751	0,318751	
07/12/2021	09:27:14	2050,41	0,025162	114,318222	0,315678	0,315678	
07/12/2021	09:27:24	2060,34	0,105929	118,936577	0,310755	0,310755	
07/12/2021	09:27:34	2070,30	0,019285	109,693642	0,335826	0,335826	
07/12/2021	09:27:44	2080,27	0,007730	107,624046	0,306180	0,306180	
07/12/2021	09:27:54	2090,39	0,040066	105,258965	0,335470	0,335470	
07/12/2021	09:28:04	2100,33	0,049230	100,190750	0,334964	0,334964	
07/12/2021	09:28:14	2110,33	0,027034	102,280731	0,313844	0,313844	
07/12/2021	09:28:24	2120,27	0,017924	108,885765	0,319614	0,319614	
07/12/2021	09:28:34	2130,47	0,014198	112,420425	0,308917	0,308917	
07/12/2021	09:28:44	2140,42	0,024625	109,334602	0,328330	0,328330	
07/12/2021	09:28:54	2150,55	0,012059	105,724281	0,303858	0,303858	
07/12/2021	09:29:04	2160,50	0,018976	104,719528	0,326077	0,326077	
07/12/2021	09:29:14	2170,44	0,024505	96,750267	0,338386	0,338386	
07/12/2021	09:29:24	2180,53	0,014410	99,557800	0,333258	0,333258	
07/12/2021	09:29:34	2190,47	0,034380	115,312492	0,318547	0,318547	
07/12/2021	09:29:44	2200,45	0,015593	116,038559	0,314266	0,314266	
07/12/2021	09:29:54	2210,39	0,012899	113,598114	0,306661	0,306661	
07/12/2021	09:30:04	2220,56	0,059193	110,514320	0,321224	0,321224	
07/12/2021	09:30:14	2230,52	0,030900	110,881821	0,308558	0,308558	
07/12/2021	09:30:24	2240,45	0,031749	106,441933	0,319829	0,319829	
07/12/2021	09:30:34	2250,36	0,012796	107,622475	0,310069	0,310069	
07/12/2021	09:30:44	2260,56	0,021056	105,987991	0,322916	0,322916	
07/12/2021	09:30:54	2270,47	0,030464	109,607567	0,324809	0,324809	
07/12/2021	09:31:04	2280,41	0,090940	111,149300	0,317946	0,317946	
07/12/2021	09:31:14	2290,55	0,013198	105,540733	0,310082	0,310082	
07/12/2021	09:31:24	2300,50	0,009499	103,641434	0,306235	0,306235	
07/12/2021	09:31:34	2310,44	0,017009	103,365944	0,316078	0,316078	
07/12/2021	09:31:44	2320,61	0,011295	99,295242	0,309859	0,309859	
07/12/2021	09:31:54	2330,55	0,011585	104,818024	0,306519	0,306519	
07/12/2021	09:32:04	2340,66	0,012710	109,972847	0,317586	0,317586	
07/12/2021	09:32:14	2350,70	0,011886	114,409920	0,312812	0,312812	
07/12/2021	09:32:24	2360,59	0,011684	110,431442	0,303025	0,303025	
07/12/2021	09:32:33	2369,67	0,023992	111,329536	0,319610	0,319610	
07/12/2021	09:32:44	2380,47	0,021128	113,045975	0,327074	0,327074	
07/12/2021	09:32:54	2390,64	0,014676	109,341545	0,312035	0,312035	
07/12/2021	09:33:03	2399,73	0,010897	115,769264	0,309711	0,309711	
07/12/2021	09:33:14	2410,69	0,011414	107,626228	0,301197	0,301197	
07/12/2021	09:33:24	2420,59	0,013933	112,597229	0,318108	0,318108	
07/12/2021	09:33:34	2430,48	0,017063	109,614632	0,308158	0,308158	
07/12/2021	09:33:44	2440,64	0,027609	111,418793	0,322596	0,322596	
07/12/2021	09:33:53	2449,72	0,042554	114,495544	0,324028	0,324028	
07/12/2021	09:34:04	2460,58	0,034903	114,947372	0,325662	0,325662	
07/12/2021	09:34:13	2469,67	0,025662	114,588234	0,318929	0,318929	
07/12/2021	09:34:24	2480,66	0,021479	116,307213	0,320637	0,320637	
07/12/2021	09:34:33	2489,69	0,012326	112,057938	0,309769	0,309769	
07/12/2021	09:34:58	2514,80	0,014143	111,968811	0,306528	0,306528	
07/12/2021	09:34:59	2515,69	0,016465	111,243149	0,310090	0,310090	
07/12/2021	09:35:03	2519,69	0,016042	110,336052	0,314573	0,314573	
07/12/2021	09:35:13	2529,66	0,022724	111,052620	0,332177	0,332177	
07/12/2021	09:35:23	2539,72	0,020430	104,450371	0,320192	0,320192	
07/12/2021	09:35:33	2549,67	0,053641	109,153893	0,327577	0,327577	
07/12/2021	09:35:44	2560,70	0,020852	104,897629	0,333429	0,333429	
07/12/2021	09:35:53	2569,81	0,023632	107,704330	0,331200	0,331200	
07/12/2021	09:36:03	2579,77	0,013001	104,541443	0,319349	0,319349	
07/12/2021	09:36:13	2589,70	0,132053	108,697647	0,336262	0,336262	
07/12/2021	09:36:23	2599,86	0,014475	107,523682	0,330309	0,330309	
07/12/2021	09:36:33	2609,83	0,628411	106,440475	0,326420	0,326420	
07/12/2021	09:36:43	2619,75	0,014177	102,370300	0,316106	0,316106	
07/12/2021	09:36:53	2629,92	0,017325	101,008278	0,326838	0,326838	
07/12/2021	09:37:03	2639,91	0,017720	99,378212	0,329694	0,329694	
07/12/2021	09:37:13	2649,80	0,015257	106,350288	0,322082	0,322082	
07/12/2021	09:37:23	2659,72	0,018586	102,364334	0,331098	0,331098	
07/12/2021	09:37:33	2669,72	0,014650	100,200371	0,310001	0,310001	
07/12/2021	09:37:43	2679,86	0,016595	103,088150	0,332094	0,332094	
07/12/2021	09:37:53	2689,78	0,011201	100,741570	0,314986	0,314986	
07/12/2021	09:38:03	2699,97	0,019623	97,930443	0,328505	0,328505	
07/12/2021	09:38:13	2709,87	0,178102	100,369659	0,340045	0,340045	
07/12/2021	09:38:23	2719,80	0,036126	95,664551	0,337580	0,337580	
07/12/2021	09:38:33	2729,91	0,034229	100,466682	0,323493	0,323493	
07/12/2021	09:38:43	2739,91	0,013792	95,401085	0,315522	0,315522	
07/12/2021	09:38:53	2749,83	0,012490	99,563423	0,318516	0,318516	
07/12/2021	09:39:03	2759,78	0,024922	101,278297	0,331093	0,331093	
07/12/2021	09:39:13	2769,94	0,013040	96,667831	0,316603	0,316603	
07/12/2021	09:39:23	2779,86	0,015300	101,194717	0,313324	0,313324	
07/12/2021	09:39:33	2789,83	0,022150	98,018288	0,335593	0,335593	
07/12/2021	09:39:43	2800,02	0,011336	105,632675	0,306586	0,306586	
07/12/2021	09:39:53	2809,95	0,018145	103,546135	0,318037	0,318037	
07/12/2021	09:40:03	2819,92	0,026584	103,818901	0,315297	0,315297	
07/12/2021	09:40:13	2829,97	0,015001	106,624779	0,315258	0,315258	
07/12/2021	09:40:23	2840,03	0,013174	103,459221	0,309101	0,309101	
07/12/2021	09:40:33	2850,02	0,047307	105,173332	0,323028	0,323028	
07/12/2021	09:40:43	2859,98	0,026084	108,523743	0,319841	0,319841	
07/12/2021	09:40:53	2869,89	0,010213	101,826736	0,317657	0,317657	
07/12/2021	09:41:03	2879,84	0,182586	96,292671	0,351608	0,351608	
07/12/2021	09:41:13	2890,02	0,017508	105,080757	0,328351	0,328351	
07/12/2021	09:41:23	2899,98	0,009348	99,381584	0,320813	0,320813	
07/12/2021	09:41:33	2909,89	0,020947	99,828781	0,334369	0,334369	
07/12/2021	09:41:43	2920,06	0,012222	103,546402	0,317326	0,317326	
07/12/2021	09:41:53	2929,98	0,017505	102,724777	0,335214	0,335214	
07/12/2021	09:42:03	2940,02	0,021991	105,626534	0,321410	0,321410	
07/12/2021	09:42:13	2949,98	0,021577	102,092949	0,330861	0,330861	
07/12/2021	09:42:23	2959,94	0,016787	106,619400	0,328442	0,328442	
07/12/2021	09:42:33	2970,11	0,026555	98,015991	0,341535	0,341535	
07/12/2021	09:42:43	2980,03	0,037063	103,088341	0,331569	0,331569	
07/12/2021	09:42:53	2989,97	0,629854	104,804527	0,343246	0,343246	
07/12/2021	09:43:03	3000,00	0,015431	106,264000	0,311930	0,311930	
07/12/2021	09:43:13	3009,97	0,012524	106,803871	0,319845	0,319845	
07/12/2021	09:43:23	3020,11	0,024630	103,457039	0,314804	0,314804	
07/12/2021	09:43:33	3030,05	0,011619	105,902664	0,310480	0,310480	
07/12/2021	09:43:43	3040,02	0,013698	111,876328	0,311425	0,311425	
07/12/2021	09:43:53	3050,06	0,020265	100,648163	0,322285	0,322285	
07/12/2021	09:44:03	3060,08	0,015804	108,160866	0,321617	0,321617	
07/12/2021	09:44:14	3070,25	0,009426	102,281845	0,310963	0,310963	
07/12/2021	09:44:23	3080,05	0,027311	105,348869	0,336440	0,336440	
07/12/2021	09:44:33	3090,00	0,016104	103,639496	0,311313	0,311313	
07/12/2021	09:44:43	3100,08	0,015599	101,552414	0,324266	0,324266	
07/12/2021	09:44:54	3110,22	0,012020	102,912392	0,318726	0,318726	
07/12/2021	09:45:04	3120,14	0,018369	112,868561	0,318798	0,318798	
07/12/2021	09:45:14	3130,19	0,015307	100,189445	0,338258	0,338258	
07/12/2021	09:45:23	3140,09	0,097129	105,075821	0,340130	0,340130	
07/12/2021	09:45:34	3150,23	0,104457	107,793365	0,334504	0,334504	
07/12/2021	09:45:43	3160,03	0,016320	108,247681	0,330537	0,330537	
07/12/2021	09:45:54	3170,17	0,009077	106,717323	0,310393	0,310393	
07/12/2021	09:46:03	3180,05	0,028183	102,904327	0,338925	0,338925	
07/12/2021	09:46:13	3190,06	0,023550	109,064743	0,324414	0,324414	
07/12/2021	09:46:24	3200,19	0,028416	109,699005	0,322691	0,322691	
07/12/2021	09:46:33	3210,12	0,015340	111,965225	0,314819	0,314819	
07/12/2021	09:46:44	3220,22	0,012727	108,705223	0,318520	0,318520	
07/12/2021	09:46:54	3230,20	0,018321	110,513229	0,323723	0,323723	
07/12/2021	09:47:04	3240,31	0,016312	110,695358	0,321046	0,321046	
07/12/2021	09:47:13	3250,09	0,054954	101,732597	0,326919	0,326919	
07/12/2021	09:47:23	3260,09	0,009295	101,375854	0,313144	0,313144	
07/12/2021	09:47:34	3270,23	0,089402	103,268661	0,333175	0,333175	
07/12/2021	09:47:44	3280,20	0,024596	99,835007	0,318568	0,318568	
07/12/2021	09:47:53	3290,11	0,039320	103,903992	0,328389	0,328389	
07/12/2021	09:48:04	3300,27	0,078174	95,662216	0,343555	0,343555	
07/12/2021	09:48:14	3310,23	6,731143	104,443695	0,589315	0,589315	
07/12/2021	09:48:24	3320,23	0,012162	100,559586	0,317030	0,317030	
07/12/2021	09:48:34	3330,28	0,011423	101,192642	0,318798	0,318798	
07/12/2021	09:48:44	3340,25	0,016440	99,744759	0,318126	0,318126	
07/12/2021	09:48:54	3350,19	0,012682	101,467377	0,310618	0,310618	
07/12/2021	09:49:04	3360,34	0,012365	103,456291	0,316556	0,316556	
07/12/2021	09:49:14	3370,28	0,176376	99,462738	0,345213	0,345213	
07/12/2021	09:49:24	3380,23	0,009824	96,397728	0,312328	0,312328	
07/12/2021	09:49:34	3390,31	0,018766	104,083817	0,331620	0,331620	
07/12/2021	09:49:44	3400,27	0,046958	102,272781	0,333827	0,333827	
07/12/2021	09:49:54	3410,19	0,018682	96,572487	0,329630	0,329630	
07/12/2021	09:50:04	3420,36	0,010674	105,178856	0,309940	0,309940	
07/12/2021	09:50:14	3430,34	0,018744	101,192329	0,319354	0,319354	
07/12/2021	09:50:24	3440,39	0,017661	103,726143	0,320998	0,320998	
07/12/2021	09:50:34	3450,50	0,021271	107,342293	0,331335	0,331335	
07/12/2021	09:50:44	3460,23	0,022520	107,708817	0,320391	0,320391	
07/12/2021	09:50:54	3470,23	0,013318	114,950768	0,317794	0,317794	
07/12/2021	09:51:04	3480,37	0,018265	112,415405	0,320409	0,320409	
07/12/2021	09:51:14	3490,30	0,042456	102,182320	0,333666	0,333666	
07/12/2021	09:51:24	3500,25	0,014200	101,644714	0,319519	0,319519	
07/12/2021	09:51:34	3510,37	0,009410	110,158203	0,307380	0,307380	
07/12/2021	09:51:44	3520,31	0,024296	106,620804	0,324817	0,324817	
07/12/2021	09:51:54	3530,31	0,026295	109,522560	0,311843	0,311843	
07/12/2021	09:52:04	3540,42	0,015479	106,985741	0,317969	0,317969	
07/12/2021	09:52:14	3550,37	0,011472	110,698502	0,313859	0,313859	
07/12/2021	09:52:24	3560,37	0,011650	103,006767	0,309024	0,309024	
07/12/2021	09:52:34	3570,30	0,050539	101,462166	0,323292	0,323292	
07/12/2021	09:52:44	3580,42	0,045629	103,172577	0,347312	0,347312	
07/12/2021	09:52:54	3590,42	0,012212	101,195389	0,311558	0,311558	
07/12/2021	09:53:04	3600,36	0,013278	105,899963	0,317143	0,317143	
07/12/2021	09:53:14	3610,34	0,017218	104,542511	0,316614	0,316614	
07/12/2021	09:53:24	3620,53	0,020164	104,718208	0,329824	0,329824	
07/12/2021	09:53:34	3630,44	0,009873	103,004082	0,315639	0,315639	
07/12/2021	09:53:44	3640,37	0,012137	104,364182	0,309686	0,309686	
07/12/2021	09:53:54	3650,47	0,009263	99,746147	0,314020	0,314020	
07/12/2021	09:54:04	3660,58	0,017518	106,982925	0,324503	0,324503	
07/12/2021	09:54:14	3670,39	0,012728	96,941101	0,311525	0,311525	
07/12/2021	09:54:24	3680,58	0,046195	104,539383	0,324117	0,324117	
07/12/2021	09:54:34	3690,53	0,012056	100,562477	0,309576	0,309576	
07/12/2021	09:54:44	3700,42	0,036710	101,914673	0,323851	0,323851	
07/12/2021	09:54:54	3710,39	0,066773	105,177040	0,314203	0,314203	
07/12/2021	09:55:04	3720,52	0,014464	107,076668	0,316931	0,316931	
07/12/2021	09:55:14	3730,45	0,027191	103,451561	0,328467	0,328467	
07/12/2021	09:55:24	3740,39	0,013565	103,182709	0,321810	0,321810	
07/12/2021	09:55:34	3750,50	0,015125	101,280937	0,324246	0,324246	
07/12/2021	09:55:44	3760,44	0,018019	98,840263	0,316191	0,316191	
07/12/2021	09:55:54	3770,61	0,011816	99,471642	0,321605	0,321605	
07/12/2021	09:56:04	3780,58	0,016481	98,204247	0,322314	0,322314	
07/12/2021	09:56:14	3790,50	0,011889	103,819672	0,313384	0,313384	
07/12/2021	09:56:24	3800,47	0,024563	93,675163	0,332195	0,332195	
07/12/2021	09:56:34	3810,62	0,010198	93,767403	0,327835	0,327835	
07/12/2021	09:56:44	3820,56	0,054556	98,650238	0,339698	0,339698	
07/12/2021	09:56:54	3830,66	0,025262	101,729675	0,333821	0,333821	
07/12/2021	09:57:04	3840,59	0,029574	100,643837	0,333139	0,333139	
07/12/2021	09:57:14	3850,56	0,242102	102,985588	0,361976	0,361976	
07/12/2021	09:57:23	3859,67	1,839501	104,335876	0,386312	0,386312	
07/12/2021	09:57:34	3870,64	0,030894	94,035011	0,338181	0,338181	
07/12/2021	09:57:44	3880,62	0,024151	96,750076	0,338702	0,338702	
07/12/2021	09:57:53	3889,70	0,011530	96,934113	0,330622	0,330622	
07/12/2021	09:58:04	3900,69	0,011609	95,125786	0,325120	0,325120	
07/12/2021	09:58:14	3910,66	0,013621	96,484497	0,322706	0,322706	
07/12/2021	09:58:38	3934,78	0,018721	95,392242	0,339271	0,339271	
07/12/2021	09:58:39	3935,66	0,018600	93,130363	0,337287	0,337287	
07/12/2021	09:58:44	3940,67	0,011765	90,510429	0,323705	0,323705	
07/12/2021	09:58:54	3950,64	0,017938	88,333900	0,336265	0,336265	
07/12/2021	09:59:03	3959,70	0,011739	94,308365	0,333258	0,333258	
07/12/2021	09:59:13	3969,69	0,016123	95,847496	0,331976	0,331976	
07/12/2021	09:59:24	3980,69	0,028183	91,862854	0,338347	0,338347	
07/12/2021	09:59:34	3990,67	1,247872	100,906334	0,363014	0,363014	
07/12/2021	09:59:43	3999,81	0,044087	94,032578	0,345427	0,345427	
07/12/2021	09:59:53	4009,73	0,015695	97,474068	0,338756	0,338756	
07/12/2021	10:00:04	4020,69	0,026090	93,403473	0,332835	0,332835	
07/12/2021	10:00:13	4029,83	0,029531	92,403984	0,343494	0,343494	
07/12/2021	10:00:23	4039,72	0,055999	92,861229	0,330383	0,330383	
07/12/2021	10:00:33	4049,83	0,038171	94,665512	0,346831	0,346831	
07/12/2021	10:00:43	4059,81	0,021779	89,866013	0,354922	0,354922	
07/12/2021	10:00:53	4069,70	0,031152	96,751198	0,335398	0,335398	
07/12/2021	10:01:03	4079,86	0,018291	97,386429	0,330969	0,330969	
07/12/2021	10:01:13	4089,86	0,010491	96,121346	0,325736	0,325736	
07/12/2021	10:01:23	4099,84	0,024401	91,863953	0,335844	0,335844	
07/12/2021	10:01:33	4109,77	0,021685	87,785675	0,351451	0,351451	
07/12/2021	10:01:43	4119,73	0,248151	100,733147	0,336173	0,336173	
07/12/2021	10:01:53	4129,86	0,177082	93,755852	0,359459	0,359459	
07/12/2021	10:02:03	4139,78	0,068924	95,023476	0,357049	0,357049	
07/12/2021	10:02:13	4149,73	0,010964	88,786644	0,335667	0,335667	
07/12/2021	10:02:23	4159,91	0,014044	97,118408	0,321723	0,321723	
07/12/2021	10:02:33	4169,81	0,019756	92,138046	0,328233	0,328233	
07/12/2021	10:02:43	4179,77	0,018227	89,782326	0,334976	0,334976	
07/12/2021	10:02:53	4189,83	0,015365	91,051178	0,330463	0,330463	
07/12/2021	10:03:03	4199,77	0,086651	99,461250	0,348974	0,348974	
07/12/2021	10:03:13	4209,91	0,018776	87,876762	0,349646	0,349646	
07/12/2021	10:03:23	4219,84	0,015845	86,613205	0,339281	0,339281	
07/12/2021	10:03:34	4230,39	0,009530	105,543983	0,302078	0,302078	
07/12/2021	10:03:43	4239,91	0,010700	279,664398	0,251956	0,251956	
07/12/2021	10:03:53	4249,87	0,020918	86,250870	0,340288	0,340288	
07/12/2021	10:04:03	4259,80	0,022250	84,077965	0,343044	0,343044	
07/12/2021	10:04:13	4269,92	0,008199	86,526970	0,327077	0,327077	
07/12/2021	10:04:23	4279,83	0,017369	89,778053	0,347976	0,347976	
07/12/2021	10:04:33	4290,00	0,015761	84,444550	0,328677	0,328677	
07/12/2021	10:04:43	4299,95	0,018519	92,857452	0,341088	0,341088	
07/12/2021	10:04:53	4309,91	0,066558	91,224571	0,351845	0,351845	
07/12/2021	10:05:03	4319,98	0,136956	85,795876	0,347891	0,347891	
07/12/2021	10:05:13	4329,91	0,016933	90,320854	0,347913	0,347913	
07/12/2021	10:05:23	4339,84	0,018856	93,036598	0,345915	0,345915	
07/12/2021	10:05:33	4350,05	0,014723	88,152504	0,337341	0,337341	
07/12/2021	10:05:43	4360,05	0,012950	89,421654	0,331438	0,331438	
07/12/2021	10:05:53	4369,86	0,052154	89,324982	0,349227	0,349227	
07/12/2021	10:06:03	4379,94	0,016011	82,358101	0,343603	0,343603	
07/12/2021	10:06:13	4389,91	0,015807	87,431007	0,330064	0,330064	
07/12/2021	10:06:23	4399,87	0,038620	83,986641	0,345411	0,345411	
07/12/2021	10:06:33	4410,00	0,010956	82,272552	0,328108	0,328108	
07/12/2021	10:06:43	4419,94	0,017563	83,801445	0,358579	0,358579	
07/12/2021	10:06:53	4429,95	0,017313	80,996536	0,356801	0,356801	
07/12/2021	10:07:03	4440,06	0,018388	88,420227	0,348339	0,348339	
07/12/2021	10:07:13	4450,00	0,014342	82,629318	0,344106	0,344106	
